3
3 3 14.35
4 2 17.95
1 2 16.99
1 2 19.08
2 2 1.78
2 3 2.19
3 3 -1.29
2 3 14.86
2 1 1.74
1 1 14.84
2 3 -0.74
3 2 3.31
1 2 8.03
1 3 -4.03
6 2 11.56
2 2 4.75
2 2 7.33
1 1 -1.47
3 3 3.84
3 2 9.90
2 1 -3.36
3 6 7.78
3 1 6.29
1 2 17.23
2 3 -3.77
1 1 15.55
5 1 -3.32
2 2 -4.23
2 3 5.84
2 1 18.63
3 6 14.00
3 3 -0.87
2 2 14.24
4 3 -1.39
2 6 16.49
1 1 19.00
2 2 9.86
2 1 2.42
3 1 12.97
1 3 3.95
2 2 2.48
2 1 5.80
3 1 8.81
3 3 6.85
2 1 3.88
2 2 4.14
3 3 -4.41
1 3 11.49
1 2 2.47
3 5 12.79
3 3 0.71
3 3 2.01
1 3 4.48
3 3 -3.77
3 2 0.89
2 3 0.60
2 1 2.05
2 1 8.33
4 1 16.11
1 1 11.92
3 1 15.74
1 3 13.04
3 2 12.64
2 3 0.05
6 1 -3.32
1 3 17.72
3 1 6.79
3 3 11.14
3 1 10.99
1 2 13.44
1 1 -1.84
3 3 17.57
2 3 16.60
3 1 4.51
3 2 -1.10
3 3 -3.01
2 1 5.20
1 1 -3.46
3 1 12.70
3 3 -3.09
3 3 19.43
2 1 0.26
6 3 5.21
2 3 -1.80
2 3 17.93
3 2 -4.48
3 2 19.46
1 1 3.19
3 2 -1.49
3 2 12.48
4 3 2.95
3 2 11.76
2 2 1.96
3 3 -0.36
2 2 0.21
3 3 11.17
2 2 6.81
3 3 10.62
1 1 2.23
2 3 17.83
1 3 12.52
3 3 4.30
6 2 6.63
2 1 -3.14
3 1 -3.52
2 1 15.28
3 1 5.15
2 3 -2.19
3 1 17.18
1 4 14.28
1 3 2.13
2 2 7.07
1 2 -0.95
1 3 15.45
3 2 5.52
2 3 5.55
3 1 -3.70
4 2 0.09
2 3 19.39
1 3 7.18
1 1 -3.81
3 4 13.95
1 3 4.14
2 3 16.65
2 1 9.17
3 2 7.44
1 3 8.53
3 1 7.07
2 1 6.17
3 3 0.96
2 3 14.80
2 1 5.92
3 3 0.72
1 1 19.82
3 1 0.85
1 1 15.05
1 3 10.90
1 1 5.69
3 2 10.86
3 2 2.92
2 2 -1.06
3 3 -0.73
3 3 13.26
3 3 -4.97
3 2 -1.41
3 1 1.12
3 1 12.45
2 1 0.67
1 1 2.81
1 1 5.16
1 2 18.24
1 2 1.80
3 2 -2.92
3 1 11.96
1 3 14.29
3 2 17.46
3 1 10.92
2 6 16.22
1 1 4.56
1 3 19.33
5 2 -2.26
1 2 0.66
3 2 4.15
1 2 11.79
2 3 15.75
3 2 5.63
2 2 3.46
3 1 2.34
1 2 -4.96
2 1 6.61
1 3 -3.04
1 2 0.46
2 1 13.50
4 1 19.18
1 5 5.65
2 3 -4.07
1 3 16.71
1 3 13.34
3 2 9.49
3 1 4.71
3 5 4.57
1 2 6.73
1 1 18.74
2 3 8.28
1 1 19.56
1 1 19.01
2 2 0.67
2 2 -0.41
1 1 9.69
2 1 6.57
1 1 15.43
1 1 11.58
3 2 0.88
3 3 9.93
1 3 2.59
1 2 16.37
1 2 1.69
1 3 8.10
3 1 -2.74
2 1 -3.98
2 3 0.50
2 1 12.18
3 2 17.05
1 1 -1.89
1 6 2.77
2 2 17.49
1 2 -0.98
1 1 1.90
3 2 18.49
3 3 -3.55
1 3 2.76
2 2 8.36
2 2 -2.39
2 3 1.59
1 3 8.76
1 3 4.91
2 1 -1.56
3 2 10.90
3 2 3.21
1 1 17.99
1 1 11.87
6 3 9.84
2 1 3.44
1 3 4.49
3 2 1.36
2 3 17.23
1 4 15.09
1 2 -4.92
2 3 6.50
1 3 -0.58
2 3 0.19
3 3 15.36
3 1 -4.72
2 1 4.84
1 1 -2.63
1 3 -1.94
6 3 12.60
2 1 13.44
2 1 -1.78
2 2 12.11
2 2 10.40
3 2 8.07
2 3 -3.93
3 1 -3.17
3 1 6.86
2 3 12.30
3 3 11.32
2 3 1.99
3 3 9.91
3 4 1.69
3 2 9.48
2 2 -2.88
2 3 2.72
3 2 8.16
3 2 16.02
3 2 0.75
1 3 1.35
2 2 -0.66
3 1 19.25
1 3 17.92
3 3 7.09
1 2 2.54
1 2 15.36
1 1 11.70
1 1 13.78
1 3 5.29
2 1 11.84
3 1 -2.95
1 3 17.72
1 1 2.05
2 1 18.27
3 2 7.78
3 3 15.33
1 2 19.12
2 3 15.84
1 1 -0.15
2 2 11.17
2 5 12.21
1 2 9.60
1 2 16.86
3 3 -3.42
2 3 18.73
1 2 4.73
2 1 5.98
3 3 -3.55
2 2 9.45
2 2 10.77
3 3 10.08
1 5 19.46
1 3 -3.69
2 1 15.35
1 3 -0.61
3 2 9.24
3 3 16.20
2 4 6.03
1 2 18.39
1 2 6.81
1 3 -2.48
2 1 7.02
3 1 11.36
1 2 -3.23
4 2 4.12
5 3 9.35
2 3 2.15
2 5 -2.45
3 5 13.77
2 1 11.19
1 2 16.71
1 2 18.28
3 2 0.44
3 1 -3.04
3 3 -1.10
2 1 17.46
1 2 2.66
3 2 -3.17
3 1 8.11
3 2 11.15
1 3 -2.60
3 3 5.46
1 4 -0.76
2 2 15.66
2 1 11.45
1 2 1.33
4 2 -1.48
1 1 -2.34
2 2 14.92
3 1 -4.37
2 3 0.82
1 2 16.60
1 1 3.80
1 1 2.12
2 1 1.76
2 1 7.31
3 3 16.26
3 2 6.80
2 1 15.48
2 1 12.77
3 1 14.50
1 3 3.88
2 3 16.20
2 2 14.83
1 2 1.90
3 1 1.88
3 1 4.51
3 3 -2.01
3 1 7.38
6 1 16.34
2 5 11.56
2 1 18.82
1 2 6.49
3 3 2.98
2 3 17.01
3 5 16.36
3 3 11.38
1 1 -2.23
1 2 18.89
3 1 10.94
1 1 -1.01
1 3 17.73
2 1 6.40
2 1 1.76
3 2 9.69
2 2 14.03
2 3 -1.40
2 2 10.78
1 3 10.82
3 1 6.11
1 2 0.07
1 3 8.08
5 2 7.04
1 3 13.32
2 1 11.66
2 3 16.40
2 2 17.28
3 2 13.02
3 1 -2.88
1 1 4.98
2 1 0.09
2 3 16.47
1 3 18.94
1 3 -4.62
2 1 -3.01
1 3 16.42
3 3 19.20
3 3 14.35
1 3 0.99
3 2 -2.09
3 2 8.60
1 3 16.59
2 3 19.49
3 3 16.05
3 2 14.59
3 3 12.33
1 1 14.03
2 3 7.27
2 3 1.73
2 2 -2.44
2 2 10.96
3 3 12.91
1 1 15.27
3 2 -3.00
2 3 15.44
1 2 6.58
1 2 10.97
3 2 17.44
1 2 -1.94
3 2 4.19
3 2 -2.81
3 3 -3.32
1 1 11.26
3 3 -1.94
2 3 2.36
3 3 -4.37
1 1 4.94
1 1 18.98
2 6 18.67
3 3 18.86
1 1 -1.57
1 3 17.66
3 1 10.29
1 2 11.04
3 3 3.29
2 3 19.50
2 1 11.86
2 1 14.74
3 2 3.92
4 6 19.05
1 1 5.55
2 1 11.91
2 1 15.60
2 2 18.02
3 3 2.42
3 1 9.43
1 2 1.99
2 3 -1.61
1 2 16.51
2 2 16.32
3 6 -3.52
6 2 9.36
3 1 7.23
2 3 -2.29
3 1 9.65
1 3 9.65
1 4 3.48
3 3 3.31
3 1 17.15
3 2 19.06
2 1 10.29
3 3 5.49
1 2 10.18
3 2 -4.44
1 3 11.11
2 2 19.61
3 3 3.03
3 1 17.11
1 3 16.73
1 1 16.84
2 3 4.76
2 3 9.19
2 1 -1.03
2 2 2.00
2 3 -0.53
3 1 -2.61
2 2 9.93
1 1 16.70
1 3 17.30
3 3 1.14
5 5 0.22
3 2 15.32
3 3 15.59
2 1 -2.35
3 2 11.76
2 2 -0.88
3 3 2.31
3 2 -2.59
3 3 8.50
3 1 6.03
5 2 -3.76
5 3 10.18
3 3 -4.02
3 2 16.26
2 1 5.96
2 3 17.85
2 3 17.77
2 6 -3.48
2 3 -2.86
2 2 8.08
3 3 4.75
5 2 17.88
3 3 5.24
1 3 10.20
1 3 15.44
3 3 19.93
2 1 13.06
2 3 12.13
3 1 18.22
1 1 6.53
1 1 0.23
1 1 -0.14
1 1 3.57
1 2 -4.38
2 1 9.18
3 1 -1.67
6 2 2.34
2 1 8.38
1 2 9.53
1 1 5.16
1 3 -1.88
4 3 -4.66
3 1 5.58
4 2 -3.95
3 3 9.67
1 3 9.62
2 1 18.78
3 1 18.37
3 3 6.48
2 3 -0.08
1 1 14.81
4 3 1.77
1 2 8.47
1 1 8.50
3 2 7.31
3 2 2.24
2 3 7.97
1 3 -3.34
2 3 7.64
3 1 8.52
1 2 14.75
3 1 8.05
2 6 2.95
3 2 2.25
1 3 12.53
1 2 17.31
2 3 6.87
1 2 0.84
2 2 2.55
3 3 -0.67
3 2 14.94
2 2 -0.62
3 3 -2.39
2 3 16.67
2 3 9.35
2 3 15.50
1 2 17.35
2 2 10.38
3 1 19.94
2 2 3.65
3 1 -1.98
3 1 16.85
2 2 11.04
2 3 17.69
3 1 17.52
1 1 -4.22
2 1 1.20
1 2 13.13
3 3 -0.95
2 3 17.11
3 1 10.26
4 4 17.98
3 3 19.01
1 1 16.81
3 3 15.88
1 2 13.66
1 1 7.65
3 2 19.39
3 1 14.02
1 1 4.78
2 2 18.03
2 3 12.24
2 2 15.40
1 2 19.23
3 2 1.74
3 1 19.37
3 1 -2.52
2 2 17.55
3 2 17.01
3 1 9.80
3 3 19.01
4 2 2.89
2 2 7.66
2 2 13.24
2 3 16.59
1 2 10.52
3 2 3.53
2 1 3.18
3 1 15.45
3 1 18.33
2 2 5.73
2 2 -4.93
3 1 -1.22
3 2 7.09
3 1 7.51
2 2 19.74
2 3 17.75
1 1 12.11
2 2 13.96
1 5 19.76
2 3 11.79
2 2 19.89
1 2 11.42
2 3 3.79
3 2 -3.92
3 3 1.50
2 3 -0.18
2 2 6.70
2 2 10.72
1 3 11.36
1 3 13.68
1 3 15.52
1 2 13.85
2 1 17.90
1 4 -4.77
2 1 8.97
3 1 13.02
1 2 -4.93
1 2 -4.84
2 2 -4.42
3 2 16.86
3 3 15.96
1 1 14.61
1 1 -1.76
2 1 1.80
3 3 2.61
3 3 13.81
2 2 -4.80
3 1 0.54
3 2 -1.74
3 1 1.06
1 3 15.22
1 3 7.14
1 3 16.07
2 2 2.41
3 1 -2.96
2 2 5.42
2 3 5.64
3 3 0.70
2 4 10.81
3 1 15.56
1 1 16.24
1 2 19.44
2 3 1.60
2 1 15.61
3 3 -1.80
3 2 15.08
1 1 2.79
3 1 7.64
2 3 -3.67
3 2 3.12
2 3 4.25
1 2 10.51
3 3 1.82
3 3 6.77
1 3 -1.76
2 1 -1.28
3 3 16.41
1 3 3.50
2 6 12.95
1 2 19.55
2 3 -4.58
1 2 8.06
3 1 6.50
1 3 7.76
3 1 -1.62
1 3 17.71
6 2 6.49
1 3 5.15
1 3 13.77
3 3 7.75
3 2 17.76
6 2 4.30
2 1 11.67
2 1 3.39
1 1 8.49
1 3 -1.30
3 3 15.92
3 1 16.09
1 2 -2.64
3 3 8.58
2 2 -0.56
3 2 -4.86
2 2 1.89
2 1 14.76
2 2 19.34
1 3 7.87
2 2 -4.41
3 2 19.74
6 3 -4.44
1 3 -0.83
3 1 9.14
2 2 18.33
2 2 -0.41
1 2 18.62
2 2 -1.80
3 3 -2.82
3 3 7.05
3 3 16.07
3 3 13.03
3 1 -4.73
3 4 5.64
3 2 18.88
1 5 17.54
2 3 -4.98
2 1 12.27
3 1 16.65
2 3 18.07
1 1 0.82
1 1 15.87
1 2 16.68
2 1 -0.73
3 2 -0.27
1 2 -0.31
3 3 -4.03
2 2 2.58
1 3 11.26
3 2 9.61
3 1 13.08
2 1 19.71
1 1 -4.19
3 3 -2.74
3 3 5.49
1 6 11.35
2 2 3.73
1 1 4.38
5 3 10.91
3 1 -1.14
1 1 9.66
1 3 17.43
3 2 13.27
2 3 13.94
1 5 14.08
3 2 8.69
2 2 1.53
2 3 4.02
3 6 6.57
1 3 17.84
3 1 17.38
2 3 3.60
1 3 -2.04
3 1 15.52
1 2 4.79
1 1 18.98
2 3 15.76
3 1 2.53
1 3 12.42
3 3 11.83
3 2 19.95
3 3 11.39
2 2 12.10
1 2 3.93
2 3 8.68
1 3 13.87
1 3 9.12
5 1 13.56
3 1 -4.14
2 2 1.10
2 3 7.65
1 2 -4.09
3 2 5.29
1 1 15.07
1 1 7.11
3 3 -2.07
3 3 13.13
1 1 -2.01
2 3 17.67
2 2 -0.02
1 3 8.57
1 2 13.32
2 6 -4.23
2 3 4.76
6 2 4.37
3 3 4.98
1 3 12.90
5 2 -4.11
2 1 17.12
3 1 -1.43
1 2 8.30
3 1 1.53
1 1 -0.98
1 3 11.09
2 2 14.17
3 1 10.49
1 2 15.86
2 1 -2.08
1 3 3.77
3 1 1.13
3 6 3.14
3 3 3.68
3 2 1.07
1 2 5.70
3 3 19.89
3 4 -4.36
3 6 2.43
1 3 -4.88
3 2 7.29
2 3 -3.72
3 1 -1.21
1 1 7.12
2 2 -3.54
1 1 18.80
3 2 -0.94
1 1 2.64
2 2 -2.38
3 2 -2.97
3 2 18.01
1 1 -1.71
2 2 15.06
1 2 13.57
1 1 4.48
3 2 10.01
2 1 19.98
2 1 17.76
2 1 -1.96
2 1 5.54
3 2 0.68
2 4 12.09
3 1 15.19
2 2 0.88
2 3 -2.76
1 1 -1.26
2 2 2.96
5 3 -1.55
3 1 15.10
1 1 14.99
1 3 11.11
2 2 2.01
3 1 -0.33
1 4 -1.05
1 3 -4.07
5 5 6.03
1 2 16.42
1 3 14.55
3 6 6.48
2 3 19.73
2 1 18.51
3 1 2.09
3 2 16.68
3 3 -1.62
3 2 -3.41
1 2 8.45
1 5 3.83
3 1 16.98
1 3 17.59
3 3 13.13
2 1 12.03
1 1 9.12
3 2 -2.79
6 1 4.20
6 2 1.13
1 3 5.98
2 2 13.14
2 3 -4.47
1 1 19.61
1 3 -1.67
5 3 3.33
3 3 14.11
2 1 2.05
3 1 6.53
1 1 6.70
1 1 -0.95
1 3 4.65
3 1 6.21
1 1 15.43
2 2 15.96
1 2 4.33
1 3 19.93
2 3 -3.84
1 3 3.27
1 3 -0.04
3 1 -2.74
2 1 -0.49
1 1 4.29
4 3 16.28
1 2 18.57
1 1 14.90
3 1 1.58
1 3 -1.05
3 2 -4.81
1 2 15.34
2 1 7.25
2 2 1.41
2 3 1.04
1 2 -0.92
5 1 0.96
3 3 1.86
3 1 8.40
2 2 -2.23
1 1 19.16
1 3 1.19
2 1 13.00
2 2 8.07
3 2 12.29
2 1 15.05
1 3 -3.93
2 3 16.26
1 3 -1.38
1 4 10.93
2 3 8.54
4 1 -2.04
2 1 6.29
1 1 3.46
6 3 -0.06
3 6 12.40
1 3 7.32
5 2 8.78
3 3 2.30
3 2 -1.75
1 1 10.13
3 1 -3.83
2 1 16.61
2 3 15.69
2 2 14.38
1 1 12.85
3 1 12.07
3 1 16.59
2 2 19.61
2 5 -4.92
1 6 10.61
2 1 12.39
2 1 16.44
2 1 16.48
3 3 17.16
3 1 -3.26
2 3 2.01
3 2 11.75
2 2 17.94
2 2 17.44
2 2 -1.76
2 3 1.62
1 1 7.28
3 3 4.58
3 2 14.56
3 3 7.31
3 1 15.34
2 1 -0.38
2 1 8.92
2 3 5.30
2 1 -2.89
2 5 17.25
3 2 13.47
1 1 10.57
1 2 5.16
4 3 9.72
2 3 3.90
2 3 14.31
1 2 6.47
3 3 15.49
3 3 3.70
3 3 14.17
3 1 15.84
3 3 11.94
2 2 2.43
1 2 12.93
3 2 6.14
2 2 3.99
2 1 4.25
1 1 -1.10
2 1 18.02
3 2 18.30
3 2 10.71
3 2 8.77
1 3 4.25
1 3 9.97
3 3 4.13
3 3 11.18
1 3 6.28
3 2 1.31
2 1 10.64
3 2 11.86
2 3 -1.66
1 3 9.81
3 1 8.96
3 1 18.59
2 3 -3.49
3 3 9.63
3 1 14.26
3 1 16.70
1 2 18.08
2 3 8.86
1 1 3.12
2 5 18.55
1 3 13.87
1 2 11.95
2 2 8.75
1 2 12.55
2 3 8.50
2 3 -0.66
4 2 2.67
1 3 0.20
3 1 -3.54
1 2 18.95
1 3 17.05
2 3 -3.19
1 4 3.98
3 1 -3.64
2 2 -1.27
3 2 9.26
2 1 14.50
1 2 8.41
2 1 -0.82
2 1 16.51
