50
9 32 -4.91
13 7 0.79
48 49 -4.26
40 49 14.38
16 46 10.76
13 33 2.31
12 3 2.03
19 3 -1.81
35 1 13.81
16 48 14.82
30 40 2.56
33 10 2.45
14 20 3.83
23 4 1.26
17 44 15.37
39 44 7.35
28 22 12.12
47 46 1.45
22 49 15.25
44 29 14.39
43 31 17.72
41 32 12.37
16 41 1.74
41 34 19.79
42 26 -4.37
8 18 -2.02
9 18 13.63
18 3 5.47
12 50 4.09
36 6 -4.97
2 16 3.24
26 1 -4.98
27 18 5.49
30 10 18.67
24 40 -3.60
14 43 9.93
45 46 2.96
30 1 9.35
11 49 1.20
12 7 -1.24
11 38 12.23
17 33 -0.17
28 25 16.42
37 19 -0.71
49 31 0.59
8 23 18.91
22 2 2.99
38 14 6.49
93 47 12.78
30 29 10.41
33 9 19.02
44 49 6.25
32 16 15.52
21 33 9.27
13 11 6.98
99 12 -2.29
31 34 5.51
70 31 3.28
19 26 8.55
5 26 14.26
92 42 12.70
1 20 -2.95
8 14 -4.39
45 43 15.82
43 36 18.50
27 40 7.13
47 17 18.02
35 42 12.71
47 30 -4.14
29 43 4.59
53 29 6.57
3 40 18.57
20 43 15.86
14 38 9.01
50 5 6.81
28 25 17.69
33 42 2.80
16 18 0.34
5 39 7.10
48 6 19.20
4 46 7.22
43 6 2.44
5 13 11.59
3 29 8.47
26 10 4.04
19 18 4.78
22 12 -3.53
24 17 18.19
7 39 10.29
24 4 1.19
28 17 0.30
23 20 4.49
24 22 4.40
4 13 12.02
3 28 11.53
33 16 0.56
46 48 16.66
4 6 18.70
44 48 4.29
2 92 8.08
24 36 -2.17
22 1 2.00
21 46 10.38
4 32 -1.04
25 18 10.55
18 5 13.04
5 12 3.56
15 19 12.76
4 28 0.30
15 6 18.31
27 13 9.21
20 32 -2.80
89 84 15.85
2 47 -2.36
66 13 15.18
29 37 2.13
88 44 10.83
17 11 11.67
4 48 -2.76
27 13 -0.50
38 37 -3.78
9 37 17.48
29 33 9.72
9 35 14.46
61 23 0.68
38 40 -0.99
42 3 4.77
25 15 15.39
2 33 8.26
24 34 16.04
13 11 5.95
22 33 -2.15
38 20 5.59
67 11 13.16
38 40 -0.59
78 12 10.18
26 63 7.91
21 47 17.76
35 48 18.56
29 42 6.01
42 10 -3.77
2 41 18.19
35 41 10.34
22 14 -3.94
48 3 9.89
32 38 1.27
46 32 9.04
20 17 9.73
41 17 1.72
12 24 15.37
20 32 5.80
42 27 13.85
96 44 0.31
30 37 13.07
13 26 14.70
4 14 -1.09
5 43 11.30
3 21 14.74
25 7 -1.37
8 89 5.36
31 50 2.41
27 38 -3.01
47 27 5.77
34 48 0.20
4 23 4.08
48 21 -2.65
38 13 4.97
11 36 1.38
39 24 -4.64
7 8 14.17
47 29 -4.30
36 10 10.36
97 27 6.99
3 32 18.04
19 27 6.07
10 34 0.30
7 47 11.29
38 22 3.73
38 82 4.47
12 28 -4.83
49 24 5.82
26 17 -1.04
31 18 13.24
4 9 12.35
47 10 10.36
5 11 9.02
19 50 0.16
49 15 3.94
26 27 9.32
83 35 13.58
6 34 10.93
38 40 19.42
30 42 8.96
31 3 19.54
22 2 18.56
34 21 -0.27
30 47 16.56
11 12 11.47
20 21 2.88
22 38 0.62
45 13 11.09
5 29 3.42
47 37 10.91
8 19 5.15
47 32 12.29
2 39 8.57
23 50 11.47
8 23 -1.67
14 25 17.84
39 6 5.59
37 34 19.77
9 22 13.75
29 10 15.50
28 8 18.19
76 50 5.16
35 27 -0.00
29 26 14.95
44 38 11.58
21 23 8.05
24 36 17.10
25 19 6.07
34 9 -2.43
32 50 4.04
43 8 10.43
33 18 13.56
17 50 1.84
1 6 16.15
16 54 -2.54
16 13 4.56
46 35 10.09
37 46 13.52
36 30 14.85
19 29 19.07
24 43 -3.19
40 36 -2.84
49 9 11.10
8 46 5.10
48 13 3.12
86 33 11.19
13 21 7.46
43 13 3.06
7 22 17.59
33 37 5.29
47 12 12.17
45 20 11.45
16 48 1.45
80 94 11.69
44 40 10.72
20 25 3.44
35 14 12.12
20 16 12.35
97 8 17.31
31 49 1.18
9 11 16.39
22 29 9.84
20 33 10.17
35 3 2.66
43 18 -2.82
6 25 2.40
17 4 10.80
50 23 17.89
40 43 -4.55
84 24 1.79
12 37 4.95
47 16 9.04
50 26 15.83
29 7 19.45
35 45 15.35
38 37 16.66
19 49 12.73
2 1 9.37
23 28 -1.09
41 32 16.27
34 5 10.59
50 39 18.42
8 40 3.56
27 49 12.62
14 44 -0.19
19 28 7.49
24 2 7.33
43 48 15.98
43 41 12.20
4 7 19.08
3 37 -0.07
32 40 7.53
43 42 17.38
20 17 4.75
36 11 4.30
20 2 13.46
12 50 19.04
44 45 13.20
6 17 -1.44
12 10 19.63
22 26 17.43
46 35 2.11
28 42 10.70
34 49 -3.44
29 21 17.09
16 10 -0.20
80 10 -3.55
2 38 16.53
32 23 -3.94
40 23 4.70
23 25 -2.19
46 5 7.59
38 22 15.64
13 2 -1.44
19 42 17.44
87 3 1.23
7 5 11.98
12 48 11.76
9 45 6.57
4 42 18.48
31 7 -1.48
26 33 16.27
13 9 1.69
37 5 1.31
60 40 -4.44
42 22 9.74
10 4 7.42
45 37 8.96
72 10 16.01
24 32 16.48
37 18 10.97
38 26 11.18
36 47 -1.44
32 31 18.45
38 27 0.78
44 5 -2.08
6 43 17.36
38 7 17.28
15 94 -0.64
22 18 12.52
23 22 9.44
5 7 15.40
50 1 8.20
36 89 2.90
29 47 -1.08
28 9 17.16
15 33 -0.27
7 7 -2.19
27 41 9.32
32 30 13.23
16 14 4.08
7 45 2.66
7 50 17.92
20 40 -1.01
5 35 0.77
48 14 -3.03
32 16 18.58
17 38 15.28
48 36 13.00
44 47 2.93
31 46 -3.12
14 20 12.20
25 29 14.67
24 3 7.17
34 16 9.05
41 8 -0.70
8 34 -2.22
31 8 5.23
49 42 18.59
11 24 7.97
43 31 10.43
12 6 0.72
32 24 6.86
2 20 4.22
29 30 13.02
47 35 3.86
30 7 11.79
14 17 2.69
49 39 12.78
25 35 11.14
32 34 10.86
30 37 -4.85
32 48 -0.62
42 15 11.00
3 50 2.43
38 9 19.37
6 26 16.71
23 41 -2.75
25 29 1.75
39 36 6.40
42 37 18.45
37 32 9.93
10 13 5.56
21 60 7.35
27 12 17.69
4 37 10.54
29 19 16.75
33 31 12.68
28 15 3.19
25 34 11.35
8 38 7.86
34 39 15.00
3 53 7.42
6 35 15.53
68 8 14.96
50 20 3.45
36 6 -0.90
37 14 12.92
27 29 15.75
10 10 15.65
41 29 10.31
21 10 13.30
27 3 8.28
10 5 10.32
31 31 -4.06
43 29 11.77
33 50 19.21
40 50 11.52
15 50 10.49
26 9 18.18
35 11 8.04
3 24 12.63
8 5 0.05
38 16 -4.71
43 48 -3.85
45 46 15.94
30 12 19.47
4 27 12.52
17 26 12.16
1 42 -3.85
24 17 -2.59
28 5 9.96
43 37 7.42
41 4 13.52
1 36 9.52
34 34 4.60
11 41 8.03
100 1 14.90
37 22 7.22
40 45 8.31
16 47 7.46
49 7 -1.43
36 5 12.49
36 20 14.66
28 37 15.92
8 14 6.05
42 39 1.10
30 5 -0.99
21 69 -4.41
31 79 16.63
35 5 9.47
31 24 14.06
47 31 -1.93
50 22 8.06
6 44 13.02
37 46 0.15
38 28 7.88
23 27 9.03
34 35 10.87
25 1 17.60
52 24 8.46
37 23 6.80
92 50 14.77
32 41 -4.51
23 50 -0.33
11 17 10.70
35 13 2.28
46 50 3.87
25 9 8.04
3 18 9.90
32 48 7.02
16 28 19.04
21 97 18.74
2 24 1.04
10 9 5.87
10 50 13.84
27 8 -4.24
22 16 -0.80
28 15 1.13
3 50 17.57
36 94 19.05
21 37 7.89
50 83 7.45
18 3 2.47
32 92 5.14
39 4 11.29
8 39 16.48
7 7 16.39
34 47 15.15
41 97 14.70
45 44 -0.85
3 20 18.56
31 41 16.46
18 46 -3.77
30 2 18.45
37 31 13.16
1 55 2.18
75 10 -4.23
34 3 12.71
2 9 12.58
31 35 9.59
25 38 4.34
41 50 -2.93
43 44 -0.10
11 50 16.57
3 11 4.63
32 12 18.40
33 21 -2.23
13 29 7.47
18 21 1.15
3 43 11.19
31 1 13.04
23 11 12.23
23 68 15.52
22 38 14.61
23 67 14.29
50 2 10.18
11 70 10.47
2 19 -1.57
19 15 11.70
15 37 2.50
12 3 18.06
22 3 7.96
24 13 -3.55
34 37 19.64
32 41 10.61
22 20 0.60
38 45 8.98
36 18 17.66
44 43 14.98
49 46 9.18
50 38 18.22
15 26 4.95
47 8 8.62
20 22 4.84
12 44 6.46
49 13 3.07
31 14 -2.01
35 50 19.45
11 19 16.66
18 29 8.34
29 11 17.81
8 3 0.36
41 25 6.83
8 48 7.92
48 43 1.80
44 35 7.53
42 33 18.64
41 6 16.78
39 6 13.28
46 26 0.81
33 34 4.54
7 34 14.65
37 35 11.27
10 48 2.39
4 36 -4.37
13 81 -0.87
36 46 15.60
25 31 7.23
13 16 4.72
1 26 8.99
13 1 -3.41
21 48 1.50
30 13 -3.42
21 30 9.04
50 5 2.68
13 17 11.72
1 41 -4.92
29 51 15.53
20 35 1.77
9 49 19.80
46 9 8.97
21 43 3.35
35 44 -0.37
45 35 16.62
21 9 -3.90
13 50 -0.93
40 93 11.02
13 35 4.23
10 18 -2.03
74 33 1.19
78 14 -3.10
34 44 19.44
14 11 14.16
35 42 6.47
47 40 18.48
40 16 13.89
27 35 -1.28
39 4 8.73
19 39 -3.57
12 93 13.28
1 14 -2.05
63 34 -0.82
44 36 0.93
18 40 15.86
7 27 11.74
8 28 9.44
15 49 10.98
16 18 2.98
31 32 -2.10
19 25 1.39
19 14 18.66
11 14 -3.38
28 23 1.49
44 39 -4.91
31 36 16.58
11 6 11.86
46 2 3.82
33 16 13.79
77 34 19.50
12 42 14.10
19 22 -2.02
28 49 12.33
48 11 8.08
16 38 4.07
36 42 10.59
32 35 17.97
71 22 -4.08
46 33 15.36
7 14 1.61
4 82 -0.11
17 21 7.83
11 2 -2.42
35 21 12.02
35 32 -3.57
8 50 -4.68
22 36 19.88
17 2 16.04
9 20 16.39
19 28 2.54
11 21 17.81
13 30 -2.18
37 21 18.26
4 19 8.39
1 33 18.50
39 28 9.25
21 43 8.86
12 7 8.18
33 18 16.86
32 37 3.71
30 49 15.35
32 28 10.59
63 90 12.96
2 42 2.67
30 43 -3.24
20 9 13.08
40 32 8.33
13 72 14.62
44 8 -0.67
23 40 6.82
1 41 -3.91
58 31 13.50
47 38 -3.31
17 34 -0.92
37 39 17.89
31 36 -3.95
22 34 19.08
49 79 4.15
29 4 -2.43
6 43 0.12
40 47 12.78
7 11 15.88
35 14 -0.67
13 10 3.55
7 27 8.88
22 39 12.71
78 16 -4.57
100 6 10.58
15 46 17.59
41 22 8.47
11 25 16.32
35 46 -4.70
40 20 2.15
48 21 -0.32
23 6 18.03
34 42 9.30
12 19 -1.31
28 27 -2.30
30 14 14.78
49 12 -2.15
27 42 10.88
30 16 -3.56
96 40 11.76
47 7 6.86
90 33 -4.08
19 27 13.98
39 8 10.85
3 24 -0.04
27 39 -4.37
9 19 8.81
21 13 -0.65
44 41 17.88
25 48 4.16
6 32 9.06
27 31 19.51
41 17 -0.44
16 16 1.17
18 38 5.40
27 20 3.81
6 50 -2.92
32 13 16.85
41 33 -3.99
46 83 -1.15
23 10 3.88
12 35 7.78
45 9 9.20
16 46 12.92
12 3 3.43
6 22 10.00
92 41 17.27
7 14 9.87
24 21 7.65
19 36 -1.89
2 25 17.10
39 77 9.48
30 95 17.42
27 47 16.97
26 10 15.87
7 45 17.02
34 31 -0.57
30 29 14.72
7 4 -2.27
18 7 17.06
39 16 11.52
18 3 18.73
40 58 9.67
10 1 4.29
12 13 -3.88
31 15 8.20
17 35 17.29
50 30 11.44
29 7 -1.35
7 25 -0.11
39 18 18.90
44 24 6.96
15 8 5.55
8 6 0.97
31 68 18.59
8 78 -2.32
39 35 8.89
22 45 -4.77
43 18 -3.35
16 25 8.97
8 42 17.16
32 46 16.68
14 31 3.12
30 9 2.76
23 35 19.23
13 50 1.92
20 44 12.61
28 28 5.86
33 19 -4.07
21 26 0.17
50 46 16.39
44 27 8.91
9 35 11.52
81 7 7.35
2 24 14.85
16 48 8.46
17 33 4.26
14 22 3.18
28 13 11.22
6 46 2.53
12 7 8.46
22 36 7.62
44 9 19.78
48 41 12.07
7 17 2.14
31 34 10.61
25 42 14.33
15 31 13.73
31 49 12.79
78 8 16.56
16 16 5.23
35 34 6.34
44 30 0.33
23 77 7.37
44 44 -4.13
18 40 -3.50
15 42 -0.41
72 13 15.50
34 3 6.61
48 30 0.75
34 1 16.72
21 22 10.94
8 46 17.27
41 57 -0.44
46 36 11.62
8 47 18.54
30 25 16.25
41 6 15.76
18 21 10.82
37 20 19.51
9 54 7.07
4 22 2.70
23 4 7.95
49 33 3.58
43 18 10.82
35 19 14.50
20 34 -3.68
1 16 0.74
49 6 14.93
4 27 18.92
39 6 15.55
26 10 8.84
39 48 6.93
50 41 0.16
48 10 6.86
11 23 -3.85
47 26 18.74
6 50 12.04
36 2 9.09
46 41 -4.91
15 48 19.79
46 4 3.97
26 3 14.83
9 44 16.16
17 62 9.92
39 43 5.04
45 84 18.88
21 7 -1.52
66 28 0.05
4 72 13.82
4 33 3.38
31 28 0.71
49 36 6.76
24 32 3.97
36 13 16.86
25 26 -1.00
10 44 -1.30
38 27 18.48
47 50 16.50
26 6 -4.44
20 14 -4.06
49 36 12.50
88 46 5.82
40 41 4.57
26 18 10.21
31 24 17.51
11 20 12.24
14 31 19.14
12 17 2.15
18 30 12.09
6 33 11.60
14 13 0.73
42 31 18.62
21 30 -3.31
39 50 19.07
46 5 -4.89
28 39 10.87
35 10 7.82
16 49 3.60
1 29 15.98
45 43 -3.02
26 19 19.15
37 6 -4.66
12 36 0.49
39 26 19.21
16 4 14.77
35 20 18.21
16 44 2.73
16 40 9.66
5 25 7.15
4 40 16.89
31 15 4.43
57 12 14.93
8 21 10.12
16 10 10.57
41 42 8.91
8 41 18.04
33 3 14.38
36 47 17.76
70 48 -2.40
13 46 8.57
13 36 0.79
3 15 9.29
44 24 15.13
12 47 14.09
9 16 14.00
47 19 9.05
18 21 12.21
27 3 18.74
34 26 6.74
17 26 -0.62
9 7 12.54
6 35 7.28
48 19 2.22
1 29 0.87
16 37 7.68
14 29 10.41
33 48 9.94
25 20 8.29
46 50 -3.69
13 6 14.46
42 1 17.55
37 32 2.48
50 32 -3.15
27 98 11.50
28 23 18.85
28 38 -4.95
46 42 -0.33
13 35 2.94
30 29 0.67
41 29 0.47
20 46 12.96
1 48 7.49
22 14 -1.33
46 46 17.59
34 42 18.62
19 12 11.72
33 48 19.91
42 31 15.13
55 32 17.07
27 83 14.12
5 20 17.08
88 14 3.12
16 1 2.30
84 28 0.74
30 18 12.36
74 36 9.91
14 10 -3.71
46 13 3.35
47 20 5.71
4 14 -3.33
18 48 8.92
21 29 3.37
24 6 15.62
6 45 4.03
13 39 2.51
27 16 7.30
6 12 12.16
58 37 12.77
33 40 2.32
34 13 6.97
4 47 15.16
24 33 13.21
46 14 6.80
46 85 0.41
25 43 17.68
9 9 15.21
29 35 14.23
22 1 11.57
36 7 7.30
10 27 18.47
21 42 19.42
28 16 9.69
24 4 -4.49
39 26 -0.04
22 15 -2.94
14 4 16.67
22 25 2.82
20 46 13.18
50 55 0.49
23 17 3.08
52 66 9.74
7 11 6.22
50 25 17.38
75 37 11.23
28 4 -3.77
5 35 3.09
9 2 11.23
25 48 6.00
10 34 4.91
28 11 5.54
6 18 14.99
46 89 16.70
2 47 0.58
6 29 9.59
22 8 5.87
19 40 -4.10
27 41 11.18
9 12 19.15
30 44 2.61
15 30 8.22
12 36 -2.01
31 46 1.02
18 27 14.18
14 46 0.12
37 12 15.10
22 25 13.36
6 33 6.27
14 30 13.92
22 12 5.78
33 25 2.21
49 39 14.59
75 19 -3.33
8 16 -3.93
32 44 -1.94
50 37 -3.80
24 16 17.39
51 47 8.13
10 10 7.00
7 8 -2.02
48 32 18.28
29 1 3.39
2 11 3.44
16 16 8.45
42 7 13.24
27 29 3.52
30 33 19.02
39 27 -2.94
4 3 9.54
15 28 -1.09
20 4 9.70
7 44 7.09
24 5 15.79
46 6 17.70
35 7 -4.50
30 20 6.40
10 8 12.13
25 11 15.33
27 39 5.04
8 59 12.04
48 7 -4.15
16 25 7.28
44 8 19.28
31 18 18.06
38 39 3.20
32 40 5.18
30 36 -3.37
23 31 17.53
36 24 -4.28
41 40 3.98
13 37 -1.14
40 12 -2.10
10 34 11.89
20 15 5.29
33 42 -0.17
11 39 1.16
47 47 -2.77
1 7 -0.48
50 27 -3.32
28 34 2.42
16 60 13.94
15 45 17.04
21 26 5.41
34 15 -1.35
18 4 17.93
34 48 -3.96
15 32 10.41
33 32 11.29
47 10 4.46
37 75 2.11
4 11 -0.00
44 23 19.14
34 16 10.38
48 42 -2.69
7 11 7.46
26 1 0.55
45 21 -1.19
26 37 18.92
9 2 14.63
3 2 1.16
40 31 14.65
5 11 15.38
39 3 12.57
48 41 6.30
40 23 11.58
29 25 -0.30
49 37 1.37
61 34 9.20
14 1 13.85
15 36 17.99
25 26 -1.47
20 31 4.15
54 13 13.74
6 15 18.14
19 72 13.12
1 6 -4.08
42 17 17.81
21 73 16.54
19 38 5.03
1 3 4.23
37 21 17.89
48 76 -2.29
28 15 11.53
27 17 4.99
33 4 -0.06
73 50 19.74
1 45 10.61
9 15 11.82
28 1 16.66
27 20 10.57
5 11 3.03
17 18 14.57
18 25 12.11
30 1 2.78
8 26 7.80
33 22 3.61
30 61 -0.86
1 40 17.12
19 15 2.98
1 46 -3.68
68 15 2.79
30 6 17.26
1 26 6.32
35 23 19.64
65 10 -4.38
35 41 -3.81
25 18 2.96
42 18 15.18
47 21 13.16
10 20 16.64
2 25 14.42
34 17 -4.24
4 27 0.24
11 48 15.85
45 29 16.21
31 7 19.68
28 35 1.50
42 34 -2.64
49 9 -1.64
50 26 11.83
50 3 -3.07
12 13 19.80
25 29 1.10
39 16 -2.13
16 38 -4.41
26 14 5.59
12 40 -4.99
45 39 5.45
25 1 13.41
38 16 4.45
36 5 12.86
31 25 -1.07
45 43 -1.71
26 9 9.58
22 8 2.58
41 33 1.38
48 23 3.29
38 48 11.57
24 52 8.33
33 39 -4.60
38 15 -3.79
31 20 12.66
45 13 -0.56
29 5 6.55
27 63 6.33
4 32 11.64
42 24 3.87
42 45 10.93
44 17 -3.43
50 20 6.85
7 46 16.13
14 17 -4.33
8 12 11.87
40 48 2.71
14 37 11.39
19 3 13.83
95 11 17.10
39 46 17.08
1 26 10.43
58 42 12.58
50 2 0.24
45 21 0.00
14 26 2.52
37 26 1.11
32 12 4.12
23 40 11.09
18 33 -4.40
36 41 12.07
15 13 12.48
68 29 16.07
28 48 0.93
18 12 -1.84
35 27 3.74
47 2 -0.13
34 13 -3.29
7 8 17.44
94 48 -1.95
43 1 6.58
48 25 2.65
90 2 -0.86
28 35 11.17
19 48 3.82
47 37 10.12
29 42 18.61
29 30 15.70
9 22 6.78
30 34 -0.29
18 37 -2.11
34 4 -1.84
2 38 9.47
15 18 16.08
45 38 10.92
11 30 12.51
41 12 8.50
13 22 6.73
42 20 9.55
29 26 18.57
42 17 16.83
27 9 19.48
24 44 -0.46
9 30 5.97
49 17 2.87
20 11 15.71
27 14 7.73
22 8 17.05
27 8 2.40
13 10 18.63
5 92 19.43
14 44 19.29
25 7 13.60
49 35 3.97
48 5 2.35
6 7 15.87
36 18 -2.23
9 40 2.30
47 44 -3.96
42 8 19.74
37 25 -4.09
2 47 -4.81
44 17 8.14
22 71 4.86
50 12 8.85
20 45 -0.23
38 34 -3.46
31 43 10.14
24 33 1.07
13 24 -1.48
8 1 3.65
8 43 9.47
38 39 0.77
27 18 9.09
9 7 -3.23
24 1 -1.44
44 43 6.59
7 46 0.92
10 27 6.02
68 46 11.97
5 18 -1.68
35 48 3.40
19 26 13.68
26 5 -4.01
5 10 12.03
5 25 12.52
39 29 11.28
36 48 0.75
11 25 2.10
9 30 15.43
19 48 3.54
6 17 17.28
46 27 0.40
98 7 15.21
48 40 0.31
6 6 -2.21
5 31 -4.76
36 37 0.06
47 8 0.68
16 6 10.09
5 14 15.23
36 27 14.25
62 31 10.44
48 29 14.19
40 82 15.77
22 11 0.07
19 2 -3.09
19 27 12.08
48 30 3.23
5 22 18.09
39 34 -2.39
39 5 8.88
41 47 19.59
39 41 15.00
23 47 11.49
17 6 11.12
23 18 -2.40
33 49 -3.73
25 22 14.28
43 13 0.46
41 45 9.14
4 33 -1.94
23 19 1.83
46 17 8.67
40 24 16.98
14 23 15.43
46 26 2.81
40 11 7.09
44 7 2.55
27 40 6.33
28 59 14.73
87 40 11.33
35 4 4.93
42 40 3.52
6 27 4.59
18 26 14.61
93 50 18.59
39 3 3.87
30 3 3.26
38 30 0.39
13 48 10.20
37 9 17.04
83 23 9.72
16 25 -2.33
29 1 2.09
61 32 18.16
18 28 9.34
26 33 4.66
35 46 7.46
6 7 11.47
34 18 -2.63
17 45 19.13
3 10 15.10
6 23 -0.49
29 21 11.80
21 28 1.31
47 23 8.74
34 40 14.82
26 31 16.70
32 10 7.42
10 8 18.61
12 13 8.71
46 18 15.22
32 25 19.87
46 41 15.51
37 8 4.23
40 40 8.47
30 48 12.15
15 42 19.91
10 28 7.69
12 19 4.29
2 24 -0.61
40 11 11.32
15 24 10.86
39 19 17.24
30 18 12.78
29 50 10.58
6 67 3.43
40 49 13.83
36 41 -1.35
8 27 -4.87
6 34 2.68
2 6 19.22
81 27 5.47
19 1 -4.89
38 37 19.89
7 42 14.47
20 26 9.59
16 45 5.22
48 49 -4.41
9 30 15.67
21 3 17.98
2 37 10.14
1 17 -1.87
15 41 13.85
16 30 -1.24
48 11 8.71
30 22 17.57
39 8 17.06
14 99 2.77
24 2 9.31
28 26 -0.47
63 13 -1.41
2 16 2.00
5 27 6.82
43 16 0.91
1 31 17.71
13 37 8.16
9 5 13.75
38 37 12.12
9 20 16.76
36 30 -2.85
74 33 5.59
40 30 2.69
44 23 11.16
22 3 2.69
26 25 3.21
44 50 10.07
14 73 1.04
99 29 4.96
60 4 2.34
24 9 3.28
9 86 -3.88
11 13 2.50
2 20 -2.21
30 44 16.30
5 19 7.50
28 49 18.08
15 25 12.70
23 23 7.98
43 10 -1.97
85 28 1.96
11 19 5.28
8 20 18.16
9 2 19.96
10 33 8.18
33 1 13.34
50 2 1.86
3 23 6.32
25 22 7.31
39 44 9.19
29 17 11.32
48 12 -4.94
24 7 11.25
47 16 0.19
36 10 7.62
90 65 2.18
27 90 -1.47
30 20 -2.66
77 28 -3.28
45 23 -2.13
45 44 15.89
18 12 12.44
50 44 -3.34
2 46 2.05
21 35 19.22
18 29 6.09
21 84 5.69
3 61 3.16
47 18 4.92
26 12 -2.97
88 17 3.21
49 19 16.69
37 17 19.72
51 59 5.22
6 28 3.13
36 20 12.31
29 47 -0.07
35 48 13.90
86 45 16.64
44 28 0.93
11 28 3.25
23 1 -1.60
23 30 18.91
38 10 10.81
15 50 9.06
37 8 6.69
32 39 1.85
42 29 18.91
33 42 0.29
28 48 14.34
45 43 7.30
32 19 16.45
47 84 2.89
60 3 14.25
24 7 -2.17
25 77 0.14
88 43 -4.05
5 14 13.49
26 46 9.59
4 15 18.00
26 43 18.43
45 4 -2.32
43 11 19.29
19 72 11.02
29 13 10.61
24 2 10.41
36 3 19.80
93 44 4.72
27 15 16.25
47 26 7.95
42 27 11.47
34 48 17.04
49 28 8.54
23 23 11.78
40 1 3.56
41 21 11.27
12 47 15.74
17 16 19.26
36 47 8.03
67 46 10.67
41 25 9.77
33 3 19.98
50 14 -4.98
39 13 3.44
38 25 8.48
30 26 2.94
1 37 17.13
44 37 4.75
13 48 5.00
42 20 2.35
15 34 -2.97
66 28 4.36
45 8 -0.23
92 35 17.01
26 7 10.50
9 31 16.63
6 49 -1.30
11 51 1.08
16 46 9.28
23 43 11.44
9 41 3.20
36 9 11.35
4 27 15.84
27 8 17.82
14 36 5.25
49 37 8.63
8 17 9.69
43 19 3.84
8 43 13.48
50 12 -1.52
20 10 12.12
28 2 -0.61
2 26 -1.69
27 38 8.89
17 23 13.91
39 38 15.67
39 10 7.25
25 44 15.05
39 5 3.20
1 30 2.85
29 2 13.23
24 4 8.93
20 1 12.85
39 23 -0.28
1 85 -2.86
35 47 -1.19
17 11 19.45
36 38 16.80
23 49 2.61
49 44 11.33
26 24 13.46
50 51 6.86
25 31 13.87
41 11 6.34
11 37 -2.47
6 49 14.10
13 10 -4.98
31 47 2.17
41 31 7.54
12 20 6.08
2 4 16.48
48 26 -3.66
22 11 13.33
31 38 4.69
14 8 6.80
15 18 4.67
8 37 18.75
86 17 -4.89
48 11 5.78
24 28 3.54
27 14 17.97
3 19 4.11
20 47 7.01
37 18 -1.60
28 20 2.66
90 36 1.71
38 7 15.78
3 26 3.27
38 40 1.99
46 14 17.49
7 31 10.47
8 25 4.18
1 2 0.03
22 47 0.54
92 1 8.36
4 43 16.61
9 39 12.61
15 50 14.34
38 12 -1.02
25 3 9.52
16 49 18.10
40 40 -4.30
5 41 -4.00
48 17 6.23
12 22 -0.83
8 11 18.85
44 22 -4.36
4 4 9.76
28 38 15.11
26 8 18.89
48 20 17.71
32 25 12.78
24 32 11.64
14 1 15.82
17 1 17.27
32 42 14.83
34 8 12.86
9 45 18.12
37 56 17.94
22 37 6.97
50 47 2.27
11 40 -2.72
13 49 4.96
31 1 -3.45
17 12 12.46
18 17 12.17
7 23 3.82
38 13 7.20
22 4 5.42
42 27 -0.31
27 80 7.83
16 15 1.70
47 36 13.16
18 27 10.58
12 34 5.32
19 41 12.93
27 38 -4.56
24 1 6.77
5 13 19.77
2 49 5.56
44 42 9.35
36 39 -0.71
5 7 13.69
18 50 3.54
10 42 -2.32
13 10 17.94
14 4 19.44
16 48 6.19
22 2 15.61
32 45 16.91
74 49 -2.08
4 41 2.91
3 14 2.72
83 27 7.42
46 1 13.28
45 9 9.28
22 17 19.98
44 32 -3.37
69 29 -0.57
6 19 9.61
26 43 8.58
4 50 -1.06
20 6 6.76
31 3 3.65
23 12 15.28
13 25 -1.26
16 28 4.73
87 11 17.66
47 50 16.19
37 25 6.05
42 29 3.65
8 5 2.35
38 42 8.60
34 9 8.75
32 30 -3.59
8 26 3.00
47 26 2.87
22 49 13.10
12 5 8.50
15 39 -0.62
53 34 8.87
40 35 1.18
42 69 7.05
35 10 0.51
24 23 -0.95
25 41 -3.17
44 8 7.16
14 46 17.11
40 13 17.62
16 17 18.94
25 21 1.39
10 6 -3.29
25 13 18.00
47 5 13.52
35 30 0.52
13 50 19.22
41 27 -2.19
37 6 18.38
45 49 11.59
9 9 13.02
29 30 13.78
13 48 1.91
36 30 16.29
37 80 14.31
39 19 -4.22
20 17 4.89
9 22 0.61
12 34 4.75
14 19 17.25
43 41 1.58
37 8 -1.03
9 48 0.19
43 3 16.38
45 18 9.20
32 74 3.67
18 10 0.58
46 41 0.24
28 39 12.06
10 14 2.88
25 1 -1.32
85 29 1.20
32 32 4.28
21 11 -2.06
5 15 7.79
30 3 17.85
42 84 17.55
11 7 13.39
10 19 6.13
35 44 9.87
12 50 12.83
36 5 0.27
35 3 8.03
18 4 3.83
33 26 2.25
14 13 -3.78
23 48 9.55
16 67 4.58
35 20 5.44
47 23 18.03
47 5 18.77
50 49 19.14
21 46 6.29
16 10 -0.12
15 31 18.31
16 41 12.66
15 46 14.38
20 18 3.18
28 50 -4.68
27 32 3.58
44 40 -2.67
28 2 11.22
44 47 11.53
47 43 17.29
63 25 12.97
66 36 9.36
13 16 -1.46
23 3 5.62
43 1 7.79
48 37 14.17
38 32 1.05
37 14 1.38
9 21 10.58
31 6 2.15
32 12 3.11
30 24 15.27
39 33 12.62
35 2 1.50
22 27 10.07
44 46 19.50
19 56 13.33
9 28 -2.54
44 31 -3.53
17 45 0.15
30 29 -2.17
8 16 14.80
16 26 17.36
36 13 -1.99
35 45 0.31
44 21 2.99
22 40 18.37
31 39 19.61
23 40 19.53
36 20 12.52
50 31 17.13
20 96 13.28
14 47 15.51
6 18 12.94
48 19 16.07
13 31 17.04
12 17 3.64
47 46 16.19
36 39 19.53
30 15 -1.98
22 4 0.30
38 22 5.69
35 30 15.08
27 28 15.29
35 16 11.22
9 24 9.72
13 46 16.77
20 31 0.77
4 37 16.62
21 28 19.71
9 12 5.64
52 22 15.17
19 2 19.45
8 32 16.83
18 31 14.83
26 15 -1.50
13 45 10.71
11 35 7.56
32 12 19.76
28 26 -2.84
36 81 18.18
29 13 6.63
34 46 5.83
24 31 12.29
13 35 17.54
17 10 18.02
6 18 -1.12
14 44 1.15
4 35 -2.82
8 28 2.33
27 71 6.04
37 9 1.26
27 38 5.79
42 48 6.35
32 30 2.18
10 3 9.35
50 38 -1.09
43 18 18.01
37 26 9.48
2 32 9.45
17 11 13.53
21 81 -2.36
33 45 5.50
49 5 7.38
6 22 12.03
3 30 -1.39
14 39 7.15
96 24 15.99
7 41 -0.53
23 11 3.36
6 27 15.92
16 21 -1.64
41 50 5.48
28 25 12.96
42 11 -3.09
19 4 13.28
2 12 9.86
38 17 15.96
20 29 1.89
33 24 -4.75
25 24 3.13
31 25 -0.02
3 50 8.95
28 9 13.36
27 44 11.01
48 32 6.61
36 32 14.05
18 1 16.22
46 32 -0.80
43 11 18.03
45 4 -3.08
21 36 7.37
29 8 12.44
38 27 1.12
6 24 -3.33
8 5 8.22
45 40 14.15
3 50 -2.70
31 38 19.65
17 19 3.14
30 35 5.63
35 15 8.91
31 61 14.70
14 32 -1.40
18 14 16.26
43 19 -4.59
43 44 13.54
24 6 15.96
33 37 18.44
46 6 5.15
44 50 -3.59
16 40 -0.06
3 44 8.89
27 29 6.08
29 12 5.53
6 41 12.35
2 36 10.10
10 31 16.02
24 46 16.73
17 21 17.94
25 18 8.28
50 38 -4.04
4 44 16.71
13 68 7.11
28 50 6.90
60 40 7.07
29 15 -3.83
39 16 12.42
41 2 12.00
11 26 19.60
2 44 6.55
18 9 13.36
47 13 3.40
32 15 -0.25
30 30 15.34
48 35 11.56
26 27 8.03
6 49 12.44
21 23 7.81
9 25 -4.19
39 58 4.38
44 28 16.02
16 43 -4.83
1 43 4.10
31 19 -0.51
29 12 12.07
22 38 1.97
5 48 2.04
28 26 7.33
45 47 1.12
12 47 17.69
30 47 9.81
4 38 19.97
34 23 7.53
18 2 10.38
8 15 -2.93
4 27 0.59
28 4 -0.59
31 3 12.42
40 25 3.00
24 1 14.46
16 47 16.73
43 18 0.99
47 37 0.86
14 17 2.13
15 70 8.45
43 15 8.51
18 37 14.19
21 34 10.95
48 30 17.04
33 50 10.69
27 50 4.11
12 7 13.96
23 33 11.03
49 24 2.31
14 30 9.87
45 14 7.63
49 1 3.96
32 18 8.35
95 21 12.04
8 15 17.13
3 35 10.51
68 21 15.76
1 45 0.45
24 36 0.76
17 35 2.98
45 47 -1.61
8 66 16.42
50 47 7.36
9 10 19.14
2 44 -4.73
1 9 1.26
4 36 3.05
21 43 9.45
42 47 15.00
14 27 -4.37
47 6 -3.66
33 2 -0.38
17 25 1.25
2 27 -3.26
35 10 2.82
11 12 6.72
56 44 7.09
17 33 17.92
22 37 3.61
37 38 9.66
20 29 13.36
24 34 7.69
43 28 13.66
45 78 12.28
50 37 13.68
36 17 -2.29
8 40 14.09
35 39 -0.20
49 65 1.23
2 28 11.73
27 23 14.78
31 44 2.09
30 10 5.07
37 4 5.09
50 6 1.21
44 6 14.25
13 27 10.95
19 37 16.77
16 25 6.96
29 34 13.05
24 35 14.55
33 34 3.44
26 12 15.69
5 33 19.90
17 12 17.05
12 30 12.73
29 40 9.13
6 26 -1.47
1 1 10.80
24 25 15.08
34 37 14.91
20 20 13.44
45 48 15.27
7 17 1.29
2 16 -4.41
32 18 12.06
1 47 10.85
50 27 15.22
3 24 7.97
55 49 6.66
30 5 5.77
43 45 3.81
45 33 -1.16
15 50 19.18
20 4 8.67
49 82 3.83
34 21 16.32
50 31 14.78
39 2 17.11
30 17 -2.61
28 22 3.02
39 33 12.36
34 24 19.48
30 15 5.82
8 49 0.01
8 47 -2.05
12 8 -4.22
6 32 3.96
42 20 2.99
43 18 4.05
34 41 14.54
51 29 -0.79
25 32 -0.41
25 47 5.92
11 3 11.38
44 42 7.65
41 66 4.09
32 22 -2.09
15 20 -3.33
45 36 -3.50
17 25 18.67
12 7 0.77
4 43 2.44
8 6 0.15
40 18 12.39
19 39 13.10
31 77 16.37
